0.9766277128547579
0.9737061769616027
0.9753756260434057
0.9726666666666667
0.9683333333333334
0.9743333333333334
0.974
0.9758953168044077
0.9717391304347827
0.9708695652173913
0.9726086956521739
0.9752173913043478
0.9769565217391304
0.9739130434782609
0.9747826086956521
0.9778260869565217
0.9747826086956521
0.9778260869565217
0.9791304347826087
0.9769565217391304
0.9782608695652174
0.9804347826086957
0.9786956521739131
0.9817391304347826
0.961304347826087
0.9704347826086956
0.9704347826086956
0.9604347826086956
